0.8463489825906388
0.14075544426294284
0.06885086160751464
0.4152180028441903
0.3497913583755258
0.43346190683338703
0.8677809767503828
0.054521304401280335
0.015559256316686532
0.39313948662944265
0.19554004782403855
0.16402605895480582
0.30477237475600216
0.9863786742901518
0.19754256837523154
0.2821238299515292
0.6263637579634914
0.4024269180941047
0.48770499971723447
0.3473797675737509
0.018850014614439692
0.9354430390244218
0.4006724951144598
0.2637535184139316
0.4922285493708227
0.5066407080182797
0.16283651506912156
0.3964485828892148
0.9330312245558022
0.9206947560969777
0.9682679578895119
0.8959257703341404
0.9456886333512015
0.960511867252095
0.681083809515317
0.6820673909113956
0.8362918797513345
0.5707752103744351
0.2887584477581445
0.7836046050491614
0.5185221302589599
0.35431230209595077
0.4771945452990486
0.8376663036970886
0.2890959101044984
0.9038379954434506
0.1652674568977036
0.9492555825940507
0.16427001921536744
0.6672680766468848
0.20308494450353753
0.9758275831907184
0.1032749467686942
0.03007030059044502
0.593944262642438
0.057108637183989286
0.15580422380111458
0.7983285949914343
0.7065915700194983
0.1743076502260852
0.06798091198842704
0.5666852817925406
0.6951356970015419
0.3497214522548455
0.16212387351498325
0.25202976153068524
0.1273868891768022
0.7240922124049746
0.8060698542698446
0.0041541095164338016
0.08267405387956961
0.191450734732592
0.2138835596481098
0.07888955107660922
0.29271348780594375
0.6027336313562235
0.5511960031743393
0.7726930270227136
0.49112677456064824
0.9629010046317629
0.8379691074726244
0.6139951188341225
0.722495739999241
0.8266231638162107
0.0706597781131646
0.09259920852277181
0.6578889130093162
0.31460195597356266
0.5556436891479791
0.45326568246299237
0.3396800431052961
0.6589484141628342
0.8972647453302849
0.57320799864545
0.05075944058033288
0.19243441435556707
0.13676121997695845
0.6737260615060935
0.08488491537820786
0.9167701022736218